void setup () {
    size(650, 550)
}


void draw () {
    background(128);
    fill(255, 255, 0);
    rect(20,20,120,120);
    fill(255, 255, 0);
    rect(180, 20, 120, 120, 25);
    rect(330, 20, 120, 120, 30, 70, 50, 120); 
    rect(500, 40, 120, 60);
    fill(255, 0, 0);
    ellipse(80, 220, 120, 120);
    ellipse(240, 220, 180, 100);
    ellipse(460, 220, 100, 160);
    ellipse(80, 220, 120, 120);
    fill(0,0, 255); 
    triangle(500, 300, 560, 160, 620, 300)
    triangle(40, 340, 130, 450, 20, 420);
    fill(0, 255, 255)
    quad(180, 340, 300, 340, 300, 380, 180, 460);
    quad(400, 340, 440, 400, 400, 450, 360, 400);
    quad(500, 340, 620, 400, 500, 460, 570, 400);

    

    
} 

